9 3 11 2 9 3 9 3 11 2 1 2 0 2 13 1 13 1 10 2 13 1 13 1 7 1 8 1 8 1 8 1 7 1 7 1 8 1 7 1
13 2 12 3 10 3 10 3 8 3 2 2 0 2 9 1 13 2 14 2 13 1 13 1 8 1 8 1 9 1 15 1 12 1 12 1 5 1 7 1
11 2 11 2 11 2 11 2 11 2 0 2 0 2 10 2 10 2 12 3 9 3 9 2 7 3 8 1 7 1 8 3 6 1 12 1 10 1 7 1
9 2 9 2 9 2 1 3 12 7 12 7 11 7 11 7 12 2 11 3 10 3 9 2 9 2 5 1 0 2 4 2 10 1 10 1 7 1 7 1
5 3 5 3 6 3 1 3 12 7 13 7 13 7 11 7 11 7 10 2 10 2 12 2 13 1 13 1 13 1 10 1 10 1 7 1 7 1 7 1
6 3 5 1 5 1 11 7 15 7 14 7 14 7 11 7 11 7 11 7 10 2 4 2 9 1 8 3 13 1 5 1 7 1 7 1 7 1 7 1
6 3 14 2 5 1 11 7 15 7 13 7 13 7 13 7 13 7 14 2 4 2 4 2 13 1 3 2 13 1 3 2 7 1 7 1 7 1 7 1
14 2 6 3 5 3 2 2 11 7 11 7 11 7 11 7 11 7 11 2 11 2 2 3 11 2 2 3 2 3 5 1 7 1 7 1 7 1 7 1
5 3 5 3 5 3 5 3 5 3 11 7 11 7 11 7 1 0 11 0 11 0 2 0 2 3 1 3 7 16 8 16 8 16 8 16 8 16 9 16
5 3 1 0 7 0 5 3 2 2 6 0 1 0 1 0 1 0 11 0 11 0 1 0 11 0 1 3 10 16 11 16 11 16 11 16 11 16 12 16
1 0 1 0 1 0 1 0 7 0 0 1 6 0 0 1 7 0 6 0 6 0 2 0 2 0 1 3 10 16 11 16 11 16 11 16 11 16 12 16
2 0 1 0 1 0 1 0 2 0 1 0 2 0 2 0 2 0 2 0 6 0 1 0 6 0 2 0 10 16 11 16 11 16 11 16 11 16 12 16
2 0 1 0 1 0 13 0 6 0 1 0 6 0 2 0 1 0 1 0 1 0 1 0 1 1 2 0 10 16 11 16 11 16 11 16 11 16 12 16
2 0 1 0 1 0 1 0 1 0 2 1 3 1 2 0 0 1 0 1 3 0 1 1 4 1 3 1 10 16 11 16 11 16 11 16 11 16 12 16
2 0 2 0 6 0 1 0 1 0 1 1 4 1 13 0 0 1 0 1 6 0 1 1 4 1 3 6 13 16 14 16 14 16 14 16 14 16 15 16
2 0 2 0 13 0 2 0 2 0 2 0 2 0 2 0 2 0 0 1 2 0 2 0 0 1 2 0 2 0 2 0 2 0 2 0 2 0 2 0
13 12 13 12 13 12 13 12 13 12 13 12 13 12 13 12 13 12 13 12 13 12 13 12 13 12 13 12 13 12 13 12 13 12 13 12 13 12 13 12
13 12 13 12 13 12 13 12 13 12 13 12 13 12 13 12 13 12 13 12 13 12 13 12 13 12 13 12 13 12 13 12 13 12 13 12 13 12 13 12
1 46 2 46 3 46 4 46 5 46 6 46 7 46 8 46 9 46 10 46 11 46 1 46 2 46 3 46 4 46 5 46 6 46 7 46 8 46 9 46
1 47 2 47 3 47 4 47 5 47 6 47 7 47 8 47 9 47 10 47 11 47 1 47 2 47 3 47 4 47 5 47 6 47 7 47 8 47 9 47