13 3 13 3 11 4 11 4 13 3 3 3 2 3 15 2 15 2 12 3 15 2 15 2 9 2 10 2 10 2 10 2 9 2 9 2 10 2 9 2
15 3 14 4 12 4 12 4 10 4 4 3 2 3 11 2 15 3 16 3 15 2 15 2 10 2 10 2 11 2 1 3 14 2 14 2 7 2 9 2
13 3 13 3 13 3 13 3 13 3 2 3 2 3 12 3 12 3 14 4 11 4 11 3 9 4 10 2 9 2 10 4 8 2 14 2 12 2 9 2
11 3 11 3 11 3 3 4 14 8 14 8 13 8 13 8 14 3 13 4 12 4 11 3 11 3 7 2 2 3 6 3 12 2 12 2 9 2 9 2
7 4 7 4 8 4 3 4 14 8 15 8 15 8 13 8 13 8 12 3 12 3 14 3 15 2 15 2 15 2 12 2 12 2 9 2 9 2 9 2
8 4 7 2 7 2 13 8 1 9 16 8 16 8 13 8 13 8 13 8 12 3 6 3 11 2 10 4 15 2 7 2 9 2 9 2 9 2 9 2
8 4 16 3 7 2 13 8 1 9 15 8 15 8 15 8 15 8 16 3 6 3 6 3 15 2 5 3 15 2 5 3 9 2 9 2 9 2 9 2
16 3 8 4 7 4 4 3 13 8 13 8 13 8 13 8 13 8 13 3 13 3 4 4 13 3 4 4 4 4 7 2 9 2 9 2 9 2 9 2
7 4 7 4 7 4 7 4 7 4 13 8 13 8 13 8 3 1 13 1 13 1 4 1 4 4 3 4 9 17 10 17 10 17 10 17 10 17 11 17
7 4 3 1 9 1 7 4 4 3 8 1 3 1 3 1 3 1 13 1 13 1 3 1 13 1 3 4 12 17 13 17 13 17 13 17 13 17 14 17
3 1 3 1 3 1 3 1 9 1 2 2 8 1 2 2 9 1 8 1 8 1 4 1 4 1 3 4 12 17 13 17 13 17 13 17 13 17 14 17
4 1 3 1 3 1 3 1 4 1 3 1 4 1 4 1 4 1 4 1 8 1 3 1 8 1 4 1 12 17 13 17 13 17 13 17 13 17 14 17
4 1 3 1 3 1 15 1 8 1 3 1 8 1 4 1 3 1 3 1 3 1 3 1 3 2 4 1 12 17 13 17 13 17 13 17 13 17 14 17
4 1 3 1 3 1 3 1 3 1 4 2 5 2 4 1 2 2 2 2 5 1 3 2 6 2 5 2 12 17 13 17 13 17 13 17 13 17 14 17
4 1 4 1 8 1 3 1 3 1 3 2 6 2 15 1 2 2 2 2 8 1 3 2 6 2 5 7 15 17 16 17 16 17 16 17 16 17 1 18
4 1 4 1 15 1 4 1 4 1 4 1 4 1 4 1 4 1 2 2 4 1 4 1 2 2 4 1 4 1 4 1 4 1 4 1 4 1 4 1
15 13 15 13 15 13 15 13 15 13 15 13 15 13 15 13 15 13 15 13 15 13 15 13 15 13 15 13 15 13 15 13 15 13 15 13 15 13 15 13
15 13 15 13 15 13 15 13 15 13 15 13 15 13 15 13 15 13 15 13 15 13 15 13 15 13 15 13 15 13 15 13 15 13 15 13 15 13 15 13
3 47 4 47 5 47 6 47 7 47 8 47 9 47 10 47 11 47 12 47 13 47 3 47 4 47 5 47 6 47 7 47 8 47 9 47 10 47 11 47
3 48 4 48 5 48 6 48 7 48 8 48 9 48 10 48 11 48 12 48 13 48 3 48 4 48 5 48 6 48 7 48 8 48 9 48 10 48 11 48 